Accuracy: 0.9806451612903225

Position 105:
0      0.007830		Total: 0.018870
1      0.000000
2      0.000000
3      0.000000
4      0.000000
5      0.000890
6      0.000000
7      0.000000
8      0.000000
9      0.000000
10     0.000000
11     0.008732
12     0.001418
13     0.000000
14     0.000000
15     0.000000
16     0.000000
17     0.000000
18     0.000000
19     0.000000
20     0.000000

Position 106:
21     0.000000		Total: 0.017364
22     0.000281
23     0.000032
24     0.000134
25     0.000000
26     0.000000
27     0.000000
28     0.000000
29     0.000000
30     0.000000
31     0.002422
32     0.000071
33     0.000000
34     0.009264
35     0.000000
36     0.005160
37     0.000000
38     0.000000
39     0.000000
40     0.000000
41     0.000000

Position 107:
42     0.001683		Total: 0.089844
43     0.001344
44     0.004816
45     0.008918
46     0.023993
47     0.000000
48     0.000000
49     0.000081
50     0.000000
51     0.006038
52     0.013703
53     0.000807
54     0.012099
55     0.004463
56     0.008534
57     0.003352
58     0.000013
59     0.000000
60     0.000000
61     0.000000
62     0.000000

Position 108:
63     0.003548		Total: 0.113543
64     0.022902
65     0.000000
66     0.011850
67     0.000000
68     0.013584
69     0.000000
70     0.000000
71     0.004715
72     0.000079
73     0.014342
74     0.014430
75     0.000000
76     0.010908
77     0.000000
78     0.000037
79     0.000000
80     0.016815
81     0.000000
82     0.000000
83     0.000000

Position 109:
84     0.000000		Total: 0.059139
85     0.031904
86     0.000000
87     0.000000
88     0.000000
89     0.000389
90     0.000000
91     0.000911
92     0.007768
93     0.001871
94     0.000000
95     0.003921
96     0.002197
97     0.005996
98     0.000000
99     0.000000
100    0.000000
101    0.000000
102    0.004182
103    0.000000
104    0.000000

Position 110:
105    0.000000		Total: 0.075060
106    0.001286
107    0.002619
108    0.010354
109    0.000000
110    0.000000
111    0.000000
112    0.008742
113    0.001879
114    0.000050
115    0.002745
116    0.006374
117    0.000321
118    0.000004
119    0.000000
120    0.017080
121    0.000000
122    0.000022
123    0.000013
124    0.000000
125    0.000000

Position 111:
126    0.000000		Total: 0.103085
127    0.000366
128    0.000000
129    0.000000
130    0.000115
131    0.003702
132    0.000000
133    0.038289
134    0.016664
135    0.000514
136    0.000000
137    0.005589
138    0.011055
139    0.024186
140    0.000000
141    0.000000
142    0.000000
143    0.000000
144    0.002605
145    0.000000
146    0.000000

Position 112:
147    0.000007		Total: 0.117743
148    0.006640
149    0.000000
150    0.003229
151    0.006561
152    0.016085
153    0.000000
154    0.006787
155    0.025281
156    0.000371
157    0.000291
158    0.026253
159    0.019132
160    0.000319
161    0.000000
162    0.000000
163    0.000000
164    0.000000
165    0.000000
166    0.000000
167    0.000000

Position 113:
168    0.004203		Total: 0.089585
169    0.000163
170    0.004651
171    0.000000
172    0.000000
173    0.001136
174    0.000000
175    0.002952
176    0.007166
177    0.015395
178    0.000000
179    0.028442
180    0.000000
181    0.006548
182    0.000000
183    0.000000
184    0.002833
185    0.000000
186    0.007247
187    0.008849
188    0.000000

Position 114:
189    0.003901		Total: 0.068507
190    0.031120
191    0.000000
192    0.000225
193    0.011084
194    0.000000
195    0.000000
196    0.002992
197    0.004391
198    0.006579
199    0.000000
200    0.005959
201    0.000000
202    0.002633
203    0.013699
204    0.000000
205    0.000000
206    0.000000
207    0.000000
208    0.000000
209    0.000000

Position 115:
210    0.000000		Total: 0.069131
211    0.005697
212    0.008512
213    0.000151
214    0.000023
215    0.028393
216    0.014654
217    0.000000
218    0.004592
219    0.000000
220    0.000000
221    0.003388
222    0.000000
223    0.000000
224    0.000000
225    0.000000
226    0.000000
227    0.003681
228    0.000000
229    0.000000
230    0.000000

Position 116:
231    0.002444		Total: 0.099710
232    0.001337
233    0.000000
234    0.000000
235    0.000000
236    0.035636
237    0.029136
238    0.000000
239    0.000000
240    0.010187
241    0.019540
242    0.000000
243    0.000000
244    0.000000
245    0.000000
246    0.000000
247    0.000000
248    0.000000
249    0.001430
250    0.000000
251    0.000000

Position 117:
252    0.000000		Total: 0.095075
253    0.000000
254    0.000000
255    0.000000
256    0.024641
257    0.000589
258    0.000000
259    0.007068
260    0.005908
261    0.000000
262    0.000000
263    0.001174
264    0.000000
265    0.000000
266    0.000000
267    0.000000
268    0.000000
269    0.055695
270    0.000000
271    0.000000
272    0.000000

