Accuracy: 0.9803921568627451
0      0.003537
1      0.000000
2      0.000000
3      0.000000
4      0.000000
5      0.000000
6      0.000000
7      0.000000
8      0.000000
9      0.000000
10     0.000000
11     0.001557
12     0.002720
13     0.000000
14     0.000000
15     0.000000
16     0.000000
17     0.000000
18     0.000000
19     0.000000
20     0.000000
21     0.000000
22     0.000000
23     0.000000
24     0.000000
25     0.000499
26     0.000000
27     0.000779
28     0.000000
29     0.000000
30     0.000000
31     0.000000
32     0.000000
33     0.005958
34     0.000763
35     0.000000
36     0.004167
37     0.000000
38     0.000000
39     0.000000
40     0.000000
41     0.000000
42     0.006921
43     0.007796
44     0.000000
45     0.000019
46     0.000000
47     0.000000
48     0.000000
49     0.000000
50     0.000000
51     0.013403
52     0.001295
53     0.000015
54     0.000616
55     0.002433
56     0.006987
57     0.000000
58     0.000000
59     0.000000
60     0.000000
61     0.000000
62     0.000000
63     0.011094
64     0.004180
65     0.000701
66     0.000000
67     0.000000
68     0.000971
69     0.000000
70     0.026226
71     0.000800
72     0.005217
73     0.006195
74     0.009362
75     0.000000
76     0.002887
77     0.003423
78     0.015680
79     0.000000
80     0.000000
81     0.000000
82     0.000010
83     0.000000
84     0.003235
85     0.000930
86     0.001629
87     0.000527
88     0.000000
89     0.003054
90     0.000000
91     0.000287
92     0.010439
93     0.000560
94     0.000000
95     0.000000
96     0.001301
97     0.000000
98     0.000000
99     0.011202
100    0.000000
101    0.000000
102    0.000004
103    0.018160
104    0.000000
105    0.000928
106    0.002495
107    0.000000
108    0.000323
109    0.006497
110    0.008703
111    0.000000
112    0.000000
113    0.006581
114    0.009513
115    0.039433
116    0.000000
117    0.003103
118    0.012793
119    0.000000
120    0.000000
121    0.000000
122    0.001136
123    0.004950
124    0.000000
125    0.000000
126    0.000804
127    0.002859
128    0.000000
129    0.005831
130    0.000000
131    0.023074
132    0.000000
133    0.000000
134    0.008387
135    0.000040
136    0.093646
137    0.000805
138    0.018747
139    0.000000
140    0.000000
141    0.003266
142    0.000000
143    0.004005
144    0.000000
145    0.000000
146    0.000000
147    0.000000
148    0.000900
149    0.010436
150    0.025306
151    0.000000
152    0.008756
153    0.000000
154    0.000000
155    0.005685
156    0.008838
157    0.012871
158    0.008827
159    0.001474
160    0.002943
161    0.003346
162    0.000000
163    0.000000
164    0.000000
165    0.000074
166    0.000000
167    0.000000
168    0.000000
169    0.002691
170    0.021334
171    0.000000
172    0.001699
173    0.000000
174    0.003660
175    0.007505
176    0.004563
177    0.002796
178    0.000000
179    0.008625
180    0.001980
181    0.004049
182    0.000000
183    0.000000
184    0.000000
185    0.004168
186    0.000000
187    0.022070
188    0.000000
189    0.001583
190    0.017730
191    0.000000
192    0.000000
193    0.000013
194    0.000039
195    0.000000
196    0.000561
197    0.004037
198    0.000067
199    0.000000
200    0.005617
201    0.000074
202    0.002911
203    0.019732
204    0.000000
205    0.000000
206    0.000000
207    0.004694
208    0.000000
209    0.000000
210    0.000273
211    0.003107
212    0.000000
213    0.000000
214    0.000000
215    0.013707
216    0.004971
217    0.000271
218    0.004539
219    0.000000
220    0.000054
221    0.003012
222    0.012856
223    0.000000
224    0.000000
225    0.000000
226    0.000000
227    0.000000
228    0.000000
229    0.000000
230    0.000000
231    0.002623
232    0.003852
233    0.000784
234    0.000000
235    0.015848
236    0.000000
237    0.006843
238    0.000000
239    0.015975
240    0.000000
241    0.000000
242    0.015836
243    0.000000
244    0.004210
245    0.000000
246    0.000000
247    0.000000
248    0.031042
249    0.000000
250    0.000000
251    0.000000
252    0.000000
253    0.003378
254    0.001015
255    0.018268
256    0.027092
257    0.000000
258    0.004684
259    0.000000
260    0.021111
261    0.000000
262    0.009279
263    0.000000
264    0.001854
265    0.000000
266    0.000000
267    0.000000
268    0.000000
269    0.004362
270    0.000000
271    0.000000
272    0.000000
273    0.000000
274    0.000000
275    0.000000
276    0.000000
277    0.000000
278    0.000000
279    0.000000
280    0.000000
281    0.000000
282    0.005107
283    0.001093
284    0.000000
285    0.000000
286    0.000000
287    0.000000
288    0.000000
289    0.000000
290    0.000000
291    0.000000
292    0.000000
293    0.000000
294    0.006080
295    0.000000
296    0.022919
297    0.004006
298    0.020243
299    0.000787
300    0.003355
301    0.000000
302    0.004483
303    0.007824
304    0.000000
305    0.006143
306    0.000000
307    0.000000
308    0.000000
309    0.000000
310    0.000000
311    0.000000
312    0.000000
313    0.000000
314    0.000000
dtype: float64
